+224621393656
+224621866362
+224623117505
+224627058376
+224611953276
+224627135112
+224627481057
+224626417752
+224613684382
+224621355198
+224629311139
+224610813079
+224628457558
+224613819556
+224610047971
+224627670965
+224621260979
+224611915817
+224627637116
+224625185717
+224629367393
+224622923507
+224623026968
+224610743577
+224621393656
+224621866362
+224622804914
+224623117505
+224620715020
+224612769154
+224627741709
+224611953276
+224628165541
+224613684382
+224621355198
+224613820004
+224612509700
+224610473368
+224620308588
+224621216155
+224610813079
+224613129340
+224628457558
+224613819556
+224611467043
+224628843643
+224612780085
+224612053554
+224622332499
+224624604261
+224612226026
+224620142083
+224611106877
+224626476236
+224610884268
+224627602165
+224626813860
+224621161090
+224628578259
+224628715873
+224625002609
+224611758204
+224610735252
+224613956231
+224612447290
+224613662508
+224628424245
+224628394533
+224627135112
+224622565478
+224627481057
+224624427952
+224612751872
+224610464631
+224623647270
+224625162225
+224620258886
+224628232521
+224623861787
+224625285101
+224622392178
+224628261342
+224612269757
+224627484800
+224612272319
+224626856853
+224628715090
+224621788508
+224624347079
+224610221111
+224625891820
+224628747785
+224622288542
+224611263541
+224627058376
+224621561614
+224624977027
+224612557867
+224623039622
+224621538222
+224622241546
+224611698294
+224620654287
+224629847592
+224612566005
+224626630077
+224624481427
+224610074635
+224623266460
+224613003444
+224623323933
+224628915634
+224622141501
+224627098576
+224628643674
+224628849981
+224613005235
+224626014333
+224613259347
+224621638869
+224629701908
+224611123890
+224626417752
+224621942929
+224628509808
+224624180075
+224629325417
+224628306656
+224624723302
+224626443883
+224625478402
+224624139476
+224629046248
+224611113547
+224621818300
+224613304478
+224613688535
+224629109784
+224623980333
+224625535904
+224613680339
+224611381356
+224622513352
+224624689386
+224625423107
+224611598252
+224610087514
+224629311139
+224627761414
+224612670224
+224628187289
+224626196604
+224627412410
+224610676868
+224622133217
+224629443159
+224626946519
+224620913808
+224610090804
+224610752496
+224610116109
+224624163529
+224624179514
+224626171515
+224627632220
+224624667740
+224627831508
+224623520884
+224610462905
+224625472551
+224627048959
+224626714204
+224612198829
+224613720930
+224625932773
+224621842578
+224612889754
+224627992579
+224622455974
+224628161379
+224611858012
+224611856432
+224629974709
+224613489755
+224612807349
+224620686572
+224612940421
+224622114451
+224611336455
+224626505228
+224611245279
+224610047971
+224622321138
+224625236943
+224629031899
+224620115490
+224625423623
+224626657338
+224628547706
+224625459001
+224613710438
+224623807173
+224623399948
+224624573520
+224613978830
+224629427214
+224612190699
+224621757576
+224622929480
+224624378220
+224627441039
+224623190767
+224611498355
+224627885607
+224622778338
+224610277312
+224610424028
+224623940709
+224627670965
+224622927229
+224610121493
+224624027689
+224610928296
+224611387910
+224629728716
+224612691682
+224622791616
+224623103035
+224627290547
+224626941027
+224611197485
+224620718687
+224629968556
+224612833308
+224622486022
+224610675080
+224626883419
+224613588905
+224628916111
+224611102383
+224625918333
+224622635884
+224620484824
+224624938661
+224620607309
+224628339687
+224625873279
+224611639517
+224629176470
+224621721270
+224610757250
+224613887201
+224625270249
+224621103437
+224623304962
+224626836727
+224626117985
+224627899712
+224629739287
+224628869519
+224612681598
+224622323287
+224620257034
+224621922112
+224628483868
+224611825109
+224621821017
+224624829183
+224624363623
+224626463921
+224629984353
+224611170713
+224623616785
+224611928987
+224611553390
+224623403369
+224629418990
+224623282744
+224629420615
+224621450189
+224610222841
+224613021713
+224623164398
+224612570423
+224621260979
+224622765270
+224627984857
+224610488255
+224629360478
+224629433709
+224624905274
+224610613458
+224611616111
+224629350489
+224610660932
+224627155591
+224620608888
+224622236414
+224611829749
+224613254954
+224627069301
+224613925737
+224627515865
+224628188211
+224624899358
+224623791869
+224611915817
+224623160118
+224610580708
+224628620788
+224624450084
+224622135768
+224621288876
+224627315353
+224621761174
+224623949424
+224625205262
+224621044106
+224628899016
+224620666478
+224621190728
+224627637116
+224623208551
+224610714672
+224610754426
+224626921178
+224620476068
+224611366856
+224627818888
+224627057484
+224625070006
+224613013720
+224626053687
+224611607542
+224612149998
+224622078634
+224612968218
+224625185717
+224610617408
+224626144377
+224610437693
+224628421968
+224612421972
+224625333087
+224625275389
+224629367393
+224622923507
+224629440834
+224611043521
+224626992601
+224623026968
+224628644169
+224610175292
+224626703712
+224629952531
+224627622054
+224622738375
+224625309653
+224610950183
+224622363455
+224612895460
+224628566115
+224627272606
+224626972325
+224626097148
+224624183161
+224626118460
+224610437136
+224610149323
+224629829076
+224620402854
+224620533961
+224612125333
+224627765760
+224621555966
+224629404008
+224623535452
+224610810405
+224629748840
+224626019581
+224622125866
+224613489227
+224610233923
+224613106646
+224613214192
+224623497223
+224628823883
+224628884214
+224613249061
+224612675049
+224626260951
+224629350168
+224612513276
+224622168313
+224625105840
+224628115338
+224625914503
+224629233948
+224627879138
+224626433826
+224627322585
+224621299702
+224623985323
+224612263961
+224626352389
+224625170870
+224629874911
+224624179757
+224613745703
+224622586419
+224620280049
+224627551874
+224611688891
+224629207223
+224612449038
+224613628985
+224620952275
+224612642158
+224620921629
+224628920669
+224625198000
+224627652625
+224613410711
+224611501292
+224620927066
+224621440437
+224620745324
+224623882372
+224629779650
+224622670800
+224620499362
+224621880115
+224624739182
+224611847907
+224626310689
+224621522428
+224623819350
+224621337356
+224620625360
+224613461102
+224625619156
+224625499000
+224610251655
+224628499172
+224620407559
+224622064044
+224612785972
+224610802104
+224629824753
+224620908841
+224622439105
+224620249709
+224613685400
+224625452016
+224622403436
+224612743708
+224622538756
+224629854224
+224628155081
+224622819942
+224626500593
+224628575125
+224613613058
+224629939036
+224612676963
+224625852422
+224612434486
+224625835115
+224612219743
+224613421929
+224613272437
+224624604119
+224626516217
+224612512155
+224624974238
+224628607174
+224611571565
+224610427399
+224625741526
+224625199491
+224629289192
+224627815536
+224625100303
+224627391452
+224628026997
+224611730329
+224625438287
+224611330778
+224626894955
+224620606723
+224610265719
+224625096247
+224623114839
+224623139843
+224611362980
+224625241212
+224613545552
+224628563300
+224610004750
+224611564172
+224611798928
+224626774216
+224626795100
+224626480312
+224624702491
+224611954637
+224620789024
+224625567777
+224621935231
+224626789286
+224626060378
+224612150228
+224628577879
+224620839959
+224623732308
+224622807879
+224612854277
+224610919675
+224629176620
+224625278056
+224622108566
+224620789341
+224621543936
+224621060327
+224610827152
+224613467289
+224610498700
+224620367125
+224625332676
+224629895067
+224612596141
+224629887535
+224620196543
+224611830811
+224623692753
+224629995307
+224612775195
+224625874457
+224627666431
+224623225910
+224620705037
+224611759802
+224611736880
+224611052219
+224622007069
+224624268806
+224623735471
+224621827865
+224622326646
+224612917566
+224613437494
+224627204408
+224613885893
+224629910870
+224610720951
+224629883688
+224621430448
+224611519568
+224627344629
+224613951224
+224612381536
+224624839380
+224629861912
+224628395715
+224622902289
+224624904753
+224626952372
+224613697150
+224620836285
+224626809690
+224628504050
+224624418315
